0.00197099
0.00197099
0.00196422
0.0019688
0.00196032
0.00193089
0.00192666
0.00190932
0.00190644
0.00189574
0.00187121
0.00185491
0.00184043
0.00181261
0.00182442
0.00181505
0.00178515
0.00178735
0.00178636
0.00176854
0.00175803
0.00176335
0.0017531
0.00172921
0.0017303
0.00171541
0.00171818
0.00171897
0.00170306
0.00168884
0.00169077
0.00167696
0.00168577
0.00169325
0.00168445
0.00166979
0.00167957
0.00167284
0.00167841
0.00168826
0.00167964
0.00166622
0.00167398
0.00166372
0.00167325
0.00168833
0.00168051
0.00166771
0.0016819
0.00167851
0.00168146
0.00170787
0.00169852
0.00168364
0.00169584
0.00168945
0.00169327
0.00170169
0.00168548
0.0016773
0.00168054
0.0016652
0.00166252
0.00165661
0.00163116
0.00162731
0.00160271
0.00158589
0.00155842
0.00154265
0.00152947
0.00152434
0.00150906
0.00149445
0.00147355
0.00143921
0.00140316
0.0013666
0.00133573
0.00137073
0.00132185
0.00130506
0.00130653
0.00130465
0.00132937
0.00132839
0.00131918
0.00130875
0.00131481
0.0013144
0.0013206
0.00132839
0.00132809
0.00132093
0.00132976
0.00132945
0.00133651
0.00134628
0.00134613
0.00133836
0.00134925
0.00134878
0.00135595
0.00136728
0.0013669
0.0013594
0.00137231
0.00137173
0.00137706
0.00138957
0.00138856
0.00138359
0.00139802
0.00139688
0.0013982
0.00141128
0.00140917
0.00140628
0.00142079
0.00141789
0.00142131
0.00143617
0.0014347
0.00142698
0.0014424
0.00143861
0.00144046
0.00145341
0.00144894
0.00145188
0.00146914
0.00146618
0.00146379
0.00148194
0.00148137
0.00147578
0.0014927
0.00148723
0.00148562
0.00149853
0.00149222
0.00149595
0.00151187
0.00150508
0.00150617
0.00152428
0.00152168
0.00152057
0.00154136
0.00153795
0.00153014
0.00154653
0.00154138
0.0015394
0.00155524
0.00154569
0.00153832
0.00154818
0.00153674
0.00153105
0.00153099
0.00151065
0.00149394
0.00147552
0.00147186
0.00144925
0.00144578
0.00141447
0.00141249
0.00138681
0.00139962
0.00135977
0.00136459
0.00134074
0.00133947
0.00131926
0.00129953
0.00128601
0.00127671
0.00126238
0.00126723
0.00125202
0.00124597
0.0012459
0.00124076
0.00126863
0.00125654
0.00123526
0.001269
0.00127749
0.00127731
0.00124189
0.00125288
0.00125281
0.00128569
0.0012972
0.00129522
0.00126448
0.00127735
0.00127723
0.0013036
0.0013166
0.00131361
0.00129065
0.00130535
0.0013053
0.00132621
0.00134266
0.00134106
0.00132075
0.00133738
0.00133727
0.00135256
0.00136887
0.00136498
0.0013543
0.00137231
0.00137212
0.00138283
0.00140375
0.00140251
0.00138951
0.00140868
0.0014077
0.00141249
0.00143045
0.00142407
0.00142048
0.00143758
0.00143386
0.00144314
0.00146621
0.00146373
0.00145224
0.00147373
0.0014728
0.00147314
0.0014932
0.00148536
0.0014774
0.00149279
0.00148553
0.00148718
0.00149858
0.00147939
0.00147659
0.00147447
0.00145027
0.00143108
0.0014141
0.00141233
0.00137918
0.00137697
0.0013531
0.00135902
0.00133487
0.00134574
0.00131704
0.00131459
0.00129506
0.00129188
0.00127614
0.00127397
0.00126138
0.0012313
0.00120461
0.00117823
0.00115415
0.00119947
0.00116597
0.00113647
0.00117573
0.00115529
0.00112546
0.00117673
0.00116152
0.0011308
0.00114934
0.00115486
0.00115474
0.00113464
0.00114253
0.00114247
0.001163
0.00117291
0.00117269
0.00115135
0.00116146
0.00116141
0.00118314
0.00119552
0.00119518
0.00117255
0.00118485
0.00118482
0.00120742
0.001222
0.00122124
0.00119807
0.00121248
0.0012124
0.00123221
0.00124724
0.00124452
0.00122753
0.00124379
0.00124373
0.00125861
0.00127607
0.00127365
0.0012604
0.00127831
0.00127804
0.00128652
0.00130429
0.00130002
0.00129443
0.00131266
0.00131144
0.00131832
0.00134025
0.00133812
0.00132768
0.00134701
0.00134497
0.001346
0.00136406
0.00135617
0.00135546
0.00137125
0.00136545
0.0013753
0.00139858
0.00139476
0.00138501
0.00140788
0.00140747
0.00140602
0.00142704
0.00141863
0.00141208
0.0014276
0.0014196
0.00141829
0.00142767
0.00140602
0.00139662
0.00138645
0.00136402
0.00131701
0.00126764
0.0012181
0.00117116
0.00112939
0.00112628
0.00111939
0.00109747
0.00109558
0.00109493
0.00109144
0.00113866
0.00114049
0.00113109
0.00109754
0.00110515
0.00110502
0.0011359
0.00114564
0.00114489
0.00111349
0.00112346
0.00112337
0.00115417
0.00116663
0.00116593
0.00113428
0.00114656
0.0011465
0.0011767
0.00119077
0.00118916
0.00115973
0.0011741
0.00117403
0.00119976
0.00121464
0.00121135
0.00118926
0.00120547
0.00120542
0.00122691
0.00124549
0.00124378
0.00122234
0.00124048
0.00124024
0.00125372
0.00127051
0.00126434
0.00125826
0.00127678
0.00127588
0.00128496
0.00130942
0.00130918
0.00129387
0.0013143
0.00131295
0.00131708
0.00133541
0.00132599
0.00132419
0.00134068
0.00133515
0.00134737
0.00137215
0.0013689
0.00135534
0.00137879
0.00137848
0.00137998
0.00140249
0.00139428
0.00138737
0.00140476
0.00139787
0.001395
0.0014052
0.00138384
0.00137248
0.00136471
0.00134154
0.00129372
0.00124613
0.00120114
0.00117414
0.00117109
0.00116571
0.00116297
0.00115053
0.00114978
0.00115404
0.00113289
0.00113108
0.00112292
0.00111707
0.0011128
0.00111651
0.00109797
0.00109998
0.00109293
0.00108898
0.00108979
0.00107849
0.00107195
0.00105631
0.00104028
0.0010676
0.00103662
0.00102402
0.00102838
0.0010281
0.0010665
0.00106186
0.00105081
0.00104315
0.00105021
0.00105019
0.00105656
0.00106747
0.00106745
0.00105916
0.00106938
0.00106936
0.00107971
0.0010934
0.00109338
0.00108065
0.0010932
0.00109315
0.00110838
0.00112492
0.00112486
0.0011067
0.00112162
0.00112149
0.00114025
0.0011581
0.00115666
0.00113684
0.00115372
0.00115337
0.00116864
0.00118524
0.00118043
0.0011708
0.0011892
0.00118895
0.00119992
0.00122273
0.00122162
0.00120665
0.00122645
0.00122536
0.00122951
0.00124838
0.0012406
0.00123952
0.00125736
0.00125384
0.00126287
0.00128904
0.00128762
0.00127422
0.00129704
0.0012965
0.00129643
0.00132035
0.0013133
0.00130817
0.00132696
0.00132149
0.0013234
0.00134088
0.00132951
0.00132996
0.00134244
0.00132897
0.00133293
0.00134373
0.00131776
0.00131965
0.00131284
0.00128313
0.00126633
0.00124472
0.00125752
0.00121026
0.00121859
0.0011816
0.00118846
0.0011555
0.00116852
0.0011336
0.00114907
0.00111129
0.00112222
0.00109311
0.00109134
0.00107864
0.00107853
0.00107001
0.00107162
0.0010563
0.00105185
0.00105472
0.0010496
0.00105146
0.00104865
0.00104184
0.00109293
0.00110093
0.00109249
0.00105189
0.00106394
0.00106392
0.00110482
0.00112025
0.00111917
0.00107709
0.00109151
0.00109141
0.00112569
0.00113875
0.00113167
0.00110759
0.00112344
0.00112343
0.00114944
0.00117087
0.0011708
0.00114079
0.00115944
0.00115934
0.00118061
0.00119568
0.00118679
0.00118041
0.00119963
0.00119952
0.00120895
0.0012349
0.00123483
0.00121954
0.00124145
0.00124094
0.00125167
0.00127225
0.0012655
0.00126062
0.00128187
0.00127971
0.00128961
0.00131759
0.00131507
0.00129998
0.00132348
0.00132149
0.00132188
0.00134344
0.0013318
0.00132507
0.00134079
0.00133159
0.00133307
0.00134305
0.00131722
0.00131147
0.00130019
0.00127485
0.00122516
0.00117268
0.00112013
0.001071
0.00102801
0.00105272
0.000997837
0.000998781
0.000994892
0.000999208
0.000995116
0.000982275
0.00102649
0.0010068
0.000974038
0.00104074
0.001041
0.00103207
0.00097816
0.000985955
0.000985813
0.00103703
0.0010467
0.00104438
0.00099475
0.00100509
0.00100503
0.00105101
0.00106237
0.00105912
0.00101643
0.00102891
0.00102888
0.00107062
0.00108581
0.00108381
0.00104243
0.00105722
0.00105713
0.00108707
0.00109692
0.00108836
0.0010756
0.00109087
0.00109084
0.00110577
0.00112732
0.0011273
0.00110789
0.00112645
0.00112638
0.00114827
0.00117113
0.00116949
0.00114557
0.00116618
0.0011658
0.00117837
0.00119659
0.00118755
0.00118577
0.00120508
0.0012032
0.00121098
0.00123936
0.00123914
0.00122328
0.00124632
0.00124515
0.00124916
0.00126804
0.001257
0.00125455
0.00127052
0.00126259
0.00127914
0.00130497
0.00129844
0.00128389
0.00130922
0.00130883
0.00131244
0.00133588
0.00132552
0.00131879
0.00133644
0.00132732
0.00131778
0.00132148
0.00128999
0.00126367
0.00124817
0.00124214
0.0012173
0.0012148
0.00118542
0.00114063
0.0010941
0.00104809
0.00100525
0.000969309
0.0010723
0.00095979
0.000949851
0.000947062
0.000946676
0.000996945
0.00100354
0.00100256
0.000950633
0.000956628
0.000956417
0.00100856
0.00101824
0.00101731
0.000963491
0.000972226
0.000972119
0.00102228
0.00103251
0.00102923
0.00098201
0.000992972
0.000992937
0.00104038
0.00105499
0.00105357
0.00100498
0.00101828
0.00101819
0.00105561
0.0010709
0.00106787
0.00103255
0.00104772
0.00104767
0.00108387
0.0011032
0.00110141
0.00106386
0.00108133
0.0010811
0.0010988
0.00110701
0.00109225
0.00110736
0.00112184
0.00112051
0.00111061
0.00113444
0.00113434
0.00113424
0.00115289
0.00115144
0.00115982
0.00118723
0.00118717
0.00117205
0.00119479
0.00119458
0.00120371
0.00122468
0.00121671
0.00121228
0.00123227
0.00122862
0.00124091
0.00127
0.00126686
0.00125012
0.00127461
0.00127319
0.00127494
0.001299
0.00128754
0.00127875
0.00129552
0.00128703
0.00128478
0.00129341
0.00126715
0.00125227
0.00123621
0.00122158
0.00120457
0.00120184
0.00119036
0.00117474
0.00117434
0.0011634
0.00115011
0.00114834
0.00114018
0.00112685
0.0011263
0.0011192
0.00110673
0.00110588
0.00110087
0.00108721
0.00108681
0.00108449
0.0010689
0.00106868
0.00106811
0.00105194
0.00105139
0.00105323
0.00103762
0.00103679
0.00103874
0.00102183
0.0010212
0.00102505
0.0010068
0.00100639
0.00101179
0.00099306
0.000992443
0.000998813
0.000980394
0.000979313
0.000986242
0.000967774
0.000966641
0.000974736
0.000955239
0.000997807
0.001015
0.000995521
0.000994782
0.00100398
0.000983256
0.000982579
0.000990908
0.000973855
0.000970914
0.000976821
0.00096094
0.000959542
0.000971257
0.000948211
0.000947906
0.000949468
0.000943946
0.000938265
0.000931786
0.000932408
0.00092819
0.000967329
0.00094823
0.000925444
0.000956327
0.000961361
0.000959326
0.000920294
0.000925781
0.000922458
0.000958815
0.00096845
0.000971459
0.000921607
0.00093191
0.000931469
0.0009755
0.000988189
0.000985165
0.000943295
0.000956345
0.000956217
0.000994798
0.00100886
0.00100442
0.000970032
0.000984846
0.000984729
0.00101876
0.00103704
0.00103444
0.00100009
0.0010171
0.00101678
0.00104103
0.00105474
0.00104601
0.00103578
0.00105287
0.00105242
0.00106597
0.00109095
0.0010906
0.00106965
0.00108979
0.00108891
0.00110294
0.00112002
0.00111134
0.00110752
0.00112671
0.00112462
0.00113602
0.00116531
0.00116484
0.00114448
0.00116738
0.00116599
0.00117079
0.00119182
0.00117891
0.00117548
0.00119202
0.00118472
0.00120129
0.0012279
0.00122105
0.00120585
0.00123111
0.0012306
0.00123381
0.00125684
0.00124517
0.00123838
0.00125511
0.00124571
0.00124229
0.00125055
0.00122192
0.00120281
0.00118725
0.00117553
0.00115812
0.00115792
0.00114191
0.00112422
0.00111877
0.00111284
0.0010931
0.00109384
0.00108619
0.00107428
0.00107271
0.00106556
0.00105372
0.00105298
0.0010499
0.00103409
0.00103444
0.00103376
0.00101683
0.0010168
0.00101707
0.00100136
0.00100031
0.00100116
0.000985629
0.000984851
0.000988335
0.000970138
0.000970024
0.000974915
0.000956378
0.000955954
0.000961551
0.000944208
0.000942901
0.000948981
0.000931952
0.000931265
0.000939565
0.000919904
0.000919489
0.000927583
0.000909984
0.000908411
0.000916048
0.00090706
0.000924138
0.000932535
0.00091369
0.000912256
0.000919662
0.00090321
0.000900095
0.000906437
0.000888565
