0.0903334
0.0903334
0.0851014
0.079102
0.072316
0.0647781
0.0566056
0.0480156
0.0393624
0.0311077
0.0238204
0.0180419
0.0142452
0.0126954
0.0119
0.0112722
0.0106038
0.00989569
0.00914217
0.00835744
0.00754804
0.00672639
0.00593247
0.00524075
0.00469375
0.00438772
0.00417053
0.00419461
0.00406585
0.00402192
0.00397356
0.00391835
0.00384538
0.00379136
0.00373266
0.00368558
0.00363572
0.00358116
0.00352441
0.00346468
0.00339169
0.00331615
0.00323552
0.003153
0.0030813
0.00298638
0.00294284
0.00286944
0.00283119
0.00278842
0.0027365
0.00269134
0.00265109
0.00261188
0.00257457
0.00252849
0.00247607
0.00243971
0.0023948
0.00236422
0.00232599
0.00228042
0.00224428
0.00220318
0.00216174
0.00212934
0.00208393
0.00204528
0.00201551
0.00198529
0.00195947
0.00192661
0.00188963
0.00187767
0.00185319
0.00183363
0.00182588
0.00181703
0.00178182
0.00177409
0.00176458
0.001747
0.00173336
0.0017165
0.00171353
0.00169656
0.00168052
0.00170048
0.00169286
0.0016679
0.00165259
0.00164834
0.00164585
0.00164072
0.00163655
0.00162526
0.00162654
0.00162046
0.00161433
0.00161745
0.00162027
0.001615
0.00160253
0.00160055
0.00159823
0.00159704
0.00159561
0.001586
0.00158713
0.00158366
0.00157923
0.00158372
0.00158957
0.0015861
0.00157114
0.00157054
0.00156863
0.00156831
0.0015681
0.00155825
0.00156018
0.00155816
0.00155571
0.00156108
0.00156879
0.00156626
0.00155262
0.00155326
0.00155159
0.00155211
0.00155283
0.00154284
0.00154512
0.00154422
0.00154066
0.00154663
0.00155617
0.00155367
0.0015383
0.00153959
0.00153798
0.00153834
0.00154097
0.00153139
0.00153365
0.00153357
0.00153013
0.00153537
0.00154514
0.00154245
0.00152874
0.00153098
0.00152971
0.00152971
0.00153332
0.00152367
0.00152581
0.00152571
0.00152231
0.0015289
0.00153979
0.00153693
0.00152218
0.00152518
0.00152401
0.00152446
0.00152914
0.00151915
0.00152145
0.00152204
0.00151897
0.00152563
0.00153737
0.00153432
0.0015198
0.00152337
0.00152225
0.00152279
0.00152857
0.00151856
0.00152027
0.00152169
0.0015187
0.00152599
0.00153848
0.00153504
0.00152004
0.00152374
0.0015222
0.00152318
0.00152965
0.00151887
0.00151888
0.00151985
0.00151674
0.001524
0.00153509
0.00152961
0.00151555
0.00151876
0.00151664
0.00151624
0.00152003
0.00150682
0.00150832
0.00150656
0.00150198
0.00151337
0.00152644
0.00152137
0.00150135
0.00150427
0.00150305
0.00150771
0.00151753
0.00150814
0.00150352
0.00150634
0.00150468
0.00151081
0.00151959
0.00151241
0.00150436
0.00150789
0.00150681
0.00151031
0.00151654
0.00150651
0.00150258
0.00150346
0.00150006
0.00150862
0.00151671
0.00150716
0.00149883
0.00150282
0.00150213
0.00150692
0.00151248
0.0015024
0.00149942
0.00150032
0.00149683
0.001507
0.00151752
0.00150922
0.0014955
0.0014996
0.00149835
0.00149995
0.00150197
0.00148774
0.00149309
0.00149176
0.00148715
0.00149827
0.0015155
0.00151327
0.00148865
0.0014923
0.00149104
0.00149353
0.00150343
0.00149325
0.00149086
0.00149352
0.00149059
0.00150093
0.00151387
0.00150764
0.00149259
0.0014979
0.0014969
0.00149755
0.00149948
0.00148382
0.00149512
0.00149263
0.00148766
0.00149518
0.00151431
0.00151362
0.00149006
0.00149477
0.00149347
0.00149814
0.00151047
0.00150019
0.00149541
0.00149997
0.0014982
0.00150587
0.00151616
0.00150729
0.00149996
0.00150513
0.0015033
0.00150801
0.00151498
0.00150327
0.00150127
0.00150333
0.00149897
0.00150844
0.00151957
0.00150893
0.00150042
0.0015069
0.00150625
0.00151027
0.00151829
0.00150713
0.00150582
0.00150898
0.00150524
0.00151512
0.00152837
0.00151887
0.00150842
0.00151555
0.00151468
0.00151391
0.00151723
0.00150186
0.00150231
0.00150024
0.00149279
0.0015043
0.00151261
0.00149694
0.0014931
0.001499
0.00149815
0.00150688
0.00152237
0.00151632
0.00150145
0.00150833
0.00150669
0.00150385
0.00150533
0.00148625
0.00149038
0.00148524
0.00147595
0.00149118
0.0015028
0.00148856
0.00147248
0.00147869
0.00147725
0.00147622
0.00147521
0.00145728
0.00146267
0.00145316
0.00143773
0.00145722
0.00145646
0.00142817
0.00144372
0.00144359
0.00143915
0.00144296
0.00146375
0.00146324
0.0014435
0.00145033
0.00144915
0.00145166
0.00145446
0.00143724
0.00144797
0.00144299
0.00143203
0.00145107
0.00147101
0.00146592
0.00143451
0.00144016
0.00143874
0.00143866
0.00144802
0.00143697
0.00143851
0.00143933
0.00143375
0.00144955
0.00146959
0.00146557
0.00143781
0.00144412
0.00144282
0.00144733
0.0014615
0.00145087
0.00144391
0.00144867
0.00144442
0.00145384
0.00146382
0.00145106
0.00144408
0.00144874
0.00144425
0.00145406
0.00146281
0.00144863
0.00144441
0.00144868
0.00144386
0.00145698
0.00147134
0.00146113
0.00144473
0.00145166
0.00144955
0.00144856
0.00144806
0.00142879
0.00142708
0.00141845
0.00140371
0.00141454
0.00140535
0.00137718
0.0014024
0.00138629
0.00136188
0.00139028
0.00139943
0.00137677
0.00136608
0.00137174
0.00137136
0.00138663
0.00140246
0.00139654
0.00137584
0.00138303
0.00138201
0.0013882
0.00139216
0.0013758
0.00138274
0.00138043
0.00137102
0.00139029
0.00141203
0.00140924
0.00137465
0.0013808
0.0013794
0.00138439
0.00139188
0.00138082
0.00137701
0.00137758
0.00137227
0.00139011
0.00140466
0.00139446
0.00137507
0.00138257
0.00138164
0.00138243
0.00138068
0.00136112
0.00135945
0.00134882
0.00133377
0.00134632
0.00133596
0.00130778
0.00133796
0.00132002
0.00129419
0.00132543
0.0013373
0.00131892
0.0012971
0.0013036
0.00130322
0.00131702
0.00132329
0.00131024
0.00131026
0.00131394
0.00131261
0.0013261
0.00134778
0.00134725
0.0013191
0.00132681
0.00132567
0.00133477
0.0013426
0.00132566
0.00133055
0.00133137
0.00132434
0.00134151
0.00136407
0.00136283
0.00133039
0.00133813
0.00133725
0.00134322
0.00135309
0.00134282
0.00133711
0.00134008
0.00133473
0.00135328
0.00136864
0.00135819
0.00133881
0.00134749
0.00134637
0.00134906
0.00134988
0.00133137
0.00132602
0.00131885
0.00130484
0.00131251
0.00130154
0.00127554
0.00129266
0.00127024
0.00124945
0.00126442
0.0012581
0.00123907
0.00124279
0.0012404
0.00124736
0.00124359
0.00122426
0.00124911
0.00123599
0.00121865
0.00123904
0.00125981
0.00125948
0.00122267
0.0012292
0.00122862
0.00124361
0.0012567
0.00124808
0.00123534
0.00124185
0.00124157
0.00126327
0.00128332
0.00128082
0.00124871
0.00125685
0.00125591
0.00127017
0.00128402
0.00127089
0.00126253
0.0012696
0.00126845
0.00128749
0.0013091
0.00130712
0.00127566
0.0012845
0.00128345
0.00129023
0.00130346
0.00129396
0.00128581
0.0012915
0.00128736
0.00130648
0.00132478
0.00131768
0.00129342
0.0013037
0.00130232
0.00130532
0.00130857
0.00128774
0.00128152
0.00127449
0.00125907
0.00126619
0.00125404
0.00122766
0.00123174
0.00120757
0.00120008
0.00118424
0.00116194
0.00115518
0.00112975
0.00112803
0.00111685
0.00111295
0.001107
0.00109134
0.00107784
0.00106433
0.00104723
0.00103776
0.00101903
0.00102141
0.0010197
0.00101509
0.00100702
0.00104641
0.00106088
0.00105435
0.00100739
0.00101057
0.0010096
0.00103856
0.00104753
0.001034
0.00101385
0.00101678
0.00101676
0.00104792
0.00106786
0.00106754
0.00102194
0.00102768
0.00102727
0.001056
0.0010702
0.00105922
0.00103341
0.00103953
0.00103944
0.00107213
0.00108903
0.00108456
0.00104572
0.00105372
0.0010531
0.00106594
0.00106282
0.00104322
0.00107127
0.00106135
0.0010474
0.00105798
0.00107803
0.00107803
0.00105201
0.00106055
0.00106044
0.00108564
0.00109627
0.00108649
0.00106928
0.0010774
0.00107701
0.00110443
0.00112678
0.00112533
0.00108609
0.00109614
0.00109547
0.00111116
0.00112578
0.0011174
0.00110287
0.00111126
0.00110943
0.00113527
0.00115877
0.00115691
0.00111805
0.00112938
0.00112854
0.00114191
0.00115458
0.00114542
0.00113259
0.00114101
0.00113727
0.00115948
0.0011786
0.00117152
0.00114496
0.00115763
0.00115595
0.0011586
0.001159
0.00113895
0.00114208
0.00113041
0.00111059
0.00113463
0.0011274
0.00109163
0.00112408
0.00110942
0.00108061
0.00111753
0.00113155
0.00111551
0.0010885
0.00110011
0.00109992
0.00111908
0.00112912
0.00111735
0.00111263
0.00112293
0.00112234
0.00113701
0.0011616
0.0011614
0.0011342
0.00114809
0.0011473
0.00115683
0.00116546
0.00114849
0.00115462
0.00115901
0.00114945
0.00116755
0.00119313
0.00119246
0.00116048
0.00117478
0.00117383
0.00118127
0.00119656
0.00118726
0.00117632
0.00118647
0.00118102
0.00119696
0.00121216
0.0011993
0.00118881
0.00120233
0.00119913
0.00121425
0.00123515
0.00122812
0.00120304
0.00121563
0.00121004
0.00121338
0.00122293
0.00120281
0.00119537
0.0011984
0.00118445
0.0011997
0.00120272
0.00117428
0.00118163
0.00118209
0.00116207
0.00118629
0.00119971
0.00117893
0.00116167
0.00117335
0.0011686
0.00117987
0.00119098
0.00117734
0.00116025
0.00117108
0.0011657
0.00117606
0.00118952
0.00117884
0.00116717
0.00117923
0.0011743
0.00118805
0.00120394
0.00119348
0.00118122
0.00119601
0.00119225
0.00120315
0.00121865
0.00120798
0.00119691
0.00120946
0.00120169
0.00120947
0.00121813
0.0011993
0.00119597
0.0011976
0.00117986
0.00118721
0.00118218
0.00115188
0.00115344
0.00113002
0.0011155
0.00108497
0.001053
0.00101068
0.000968214
0.000926682
0.000897533
