0.00467482
0.00467481
0.00460963
0.00455097
0.00448648
0.00438964
0.00429892
0.00419186
0.00406359
0.00394324
0.00382296
0.00371762
0.00359616
0.00349865
0.0033778
0.00331685
0.00321628
0.00316521
0.00308037
0.00299647
0.00293231
0.00284911
0.00273728
0.00266424
0.00256317
0.00247106
0.00240938
0.0023363
0.00231164
0.00224736
0.00219287
0.00218807
0.00216242
0.00211356
0.00210051
0.00208505
0.00206517
0.00205856
0.00205516
0.00203645
0.00199989
0.00198478
0.00196443
0.00194902
0.00193054
0.00189696
0.00188411
0.00185636
0.00182765
0.0018528
0.00185051
0.00182155
0.00178388
0.00177901
0.0017696
0.00176421
0.00176072
0.00174089
0.00173343
0.00172292
0.00170943
0.00172427
0.00173093
0.00172062
0.00169193
0.00169104
0.00168395
0.00168919
0.00169122
0.00167414
0.00165467
0.00164991
0.0016385
0.00165101
0.00165483
0.0016393
0.00162139
0.00162166
0.00161456
0.0016218
0.00162921
0.0016163
0.00159648
0.00159658
0.00158788
0.00160303
0.00161111
0.00159816
0.00157665
0.00157965
0.00157296
0.00158433
0.00159268
0.00157905
0.00156027
0.00156148
0.00155367
0.00156574
0.00156983
0.0015487
0.00154058
0.00153861
0.001527
0.00154677
0.0015601
0.00154655
0.00152406
0.00153162
0.00152839
0.00153748
0.00154391
0.00152297
0.00151418
0.00151231
0.00150046
0.00151347
0.00151687
0.00148812
0.00149332
0.00148718
0.00146974
0.00149133
0.00150587
0.00148936
0.00147323
0.00148238
0.00148025
0.00149462
0.00151066
0.00150152
0.00148038
0.00148784
0.00148295
0.00148221
0.00148181
0.00145528
0.00144562
0.00143195
0.00141168
0.00139416
0.00136955
0.00134561
0.00132828
0.00131951
0.00130455
0.00129822
0.00128456
0.00127359
0.00125514
0.00125689
0.00122819
0.00122695
0.00121511
0.00120964
0.00119703
0.00118936
0.00117592
0.00119482
0.00115797
0.00114322
0.00114993
0.00114284
0.00114306
0.00114247
0.00114126
0.00115737
0.00117264
0.00117083
0.00114443
0.00115032
0.00114962
0.0011706
0.00118119
0.00117135
0.0011545
0.00116101
0.00116058
0.00117974
0.00119747
0.00119265
0.0011662
0.00117475
0.00117336
0.0011889
0.00120119
0.00118885
0.00117858
0.00118538
0.00118312
0.00120152
0.00122406
0.00122055
0.00118896
0.00119945
0.00119781
0.0012088
0.00122659
0.00121385
0.00119894
0.00120636
0.00120141
0.00120455
0.00120602
0.0011816
0.00118485
0.00117192
0.00115135
0.00116628
0.00115765
0.00112731
0.0011623
0.00113717
0.0011046
0.00112962
0.00111945
0.00108753
0.00112682
0.00110429
0.00107228
0.00110723
0.00110267
0.0010663
0.00109803
0.00109294
0.0010852
0.0010778
0.00109657
0.00109654
0.00108836
0.00109584
0.00109564
0.00111379
0.00113455
0.00113128
0.0011041
0.00111469
0.00111384
0.00112591
0.0011377
0.00112361
0.00112583
0.00113234
0.00112955
0.00114189
0.00116938
0.00116882
0.00113918
0.00115245
0.00115105
0.00115105
0.00115679
0.00112698
0.00112915
0.00111462
0.00109209
0.00109147
0.00107506
0.00106826
0.00105161
0.00104692
0.00103829
0.00102933
0.00102014
0.00100253
0.000991521
0.000980291
0.000972865
0.000967271
0.000965797
0.000951457
0.000950689
0.000948587
0.000951149
0.000935976
0.000974831
0.000959671
0.00093888
0.00095369
0.000971074
0.000971052
0.000940349
0.0009472
0.000947008
0.000975994
0.000986635
0.000974878
0.000956062
0.000963404
0.000963378
0.000991324
0.00101385
0.00101148
0.000972481
0.000983214
0.000982761
0.000995575
0.00100601
0.000984894
0.000999437
0.0010019
0.000995385
0.00100337
0.00103003
0.00102994
0.00100378
0.00101686
0.00101578
0.000998181
0.000983156
0.000953287
0.000945501
0.000918541
0.000923282
0.000906059
0.000903243
0.000894666
0.000879362
0.000867583
0.000875434
0.000866444
0.000853415
0.000855762
0.000854505
0.000864139
0.000851885
0.000836768
0.000897525
0.000897935
0.000866371
0.000920328
0.000935981
0.000933581
0.000868318
0.000889662
0.000878654
0.000862701
0.000872433
0.000871797
0.000884006
0.000882632
0.000879561
0.000886658
0.000905865
0.000905181
0.000880248
0.000887193
0.000885757
0.000910071
0.000922223
0.000911735
0.000889136
0.00089671
0.000894899
0.000919377
0.000937367
0.000929725
0.000900128
0.000911288
0.000909822
0.000919026
0.000923318
0.000903208
0.000920396
0.000916342
0.000904024
0.000917746
0.000945059
0.000944624
0.000912602
0.000926631
0.000925713
0.000902889
0.000883015
0.000854349
0.000858716
0.000818667
0.000825627
0.000801719
0.000801228
0.000798448
0.000797465
0.000788975
0.000782488
0.000780372
0.000772266
0.000792722
0.000764987
0.000747888
0.000775262
0.000762271
0.000738414
0.000741933
0.000741515
0.000734342
0.000725638
0.000724055
0.000726765
0.000713398
0.000707146
0.000705967
0.000702005
0.000719167
0.000696698
