0.00412148
0.00412148
0.00406304
0.00399513
0.00391892
0.00383318
0.00373791
0.00363444
0.00352051
0.00339759
0.00326553
0.00312663
0.00298478
0.00287013
0.00283308
0.00276739
0.00269668
0.0026981
0.00265927
0.00259379
0.00255241
0.00251674
0.00247446
0.00240674
0.00235641
0.00229841
0.00225197
0.00219508
0.00213814
0.00211686
0.00206148
0.002012
0.00200233
0.00197944
0.00193836
0.00193808
0.00191393
0.00187539
0.001867
0.00185016
0.00182399
0.00180655
0.00178442
0.00178449
0.00176031
0.00173592
0.00175771
0.00174213
0.0017128
0.00170344
0.00170118
0.0016961
0.00168415
0.00168058
0.00166957
0.00167474
0.00167185
0.00166442
0.00165343
0.00165458
0.00164772
0.00164576
0.00164452
0.00163766
0.0016293
0.00162895
0.00161992
0.00161681
0.00161414
0.00160524
0.00160864
0.00160926
0.00160085
0.00159479
0.00159781
0.00159395
0.00158599
0.00158753
0.00157929
0.00158474
0.00158734
0.00158233
0.00157711
0.00158392
0.00158031
0.00157516
0.00157875
0.00157357
0.00156793
0.00157051
0.00156196
0.00155964
0.00156108
0.0015531
0.00155505
0.00155754
0.00154919
0.00155139
0.00155893
0.00155675
0.00155085
0.00155959
0.00155652
0.00155522
0.00156157
0.00155709
0.0015505
0.0015549
0.00154718
0.0015473
0.00155077
0.00154245
0.00154129
0.00154515
0.00153579
0.00154043
0.00154893
0.00154416
0.00154094
0.00155137
0.00154813
0.00154592
0.001555
0.00155094
0.00154183
0.00154839
0.00154046
0.00153803
0.00154027
0.00152878
0.00152268
0.00152029
0.00150567
0.0015088
0.00150278
0.0014845
0.00149477
0.00148595
0.0014633
0.00148344
0.00148056
0.00145792
0.00147368
0.00148014
0.00146988
0.00146504
0.00147663
0.0014757
0.00147284
0.001483
0.00147911
0.00148243
0.00149377
0.00149109
0.00148721
0.0014995
0.00149671
0.00149211
0.00150164
0.00149566
0.00148775
0.00149431
0.00148541
0.00148329
0.00148853
0.00147819
0.00147718
0.00147835
0.00146511
0.00147298
0.00147747
0.0014615
0.00146977
0.00147617
0.00146364
0.0014694
0.00148229
0.0014776
0.00147292
0.0014864
0.00148383
0.00148452
0.00149726
0.00149295
0.00148235
0.00149147
0.00148395
0.00147477
0.00147389
0.00145588
0.0014416
0.00143182
0.00141157
0.00138924
0.00136961
0.00137134
0.00134071
0.0013369
0.00131865
0.00131867
0.00129967
0.00131004
0.00128345
0.0012768
0.00126439
0.00126004
0.0012567
0.00124938
0.00123503
0.00122711
0.00121555
0.00122765
0.00119845
0.00118305
0.0011763
0.00116662
0.00118997
0.001163
0.001144
0.0011744
0.00116267
0.00113242
0.00117275
0.00117092
0.00115532
0.00113594
0.00114294
0.00114289
0.0011604
0.00116867
0.00116779
0.00115071
0.00115976
0.0011596
0.00117333
0.00118227
0.0011803
0.00116881
0.00117979
0.00117963
0.0011892
0.00120044
0.00119938
0.00119032
0.00120287
0.0012023
0.00120806
0.00121973
0.0012175
0.00121141
0.00122428
0.00122229
0.0012244
0.00123562
0.00123187
0.00122757
0.00123965
0.00123561
0.00123933
0.00125073
0.00124636
0.00124282
0.00125642
0.00125269
0.00125319
0.00126476
0.0012597
0.00125459
0.00126666
0.00126055
0.00125761
0.00126528
0.00125615
0.00126059
0.00127053
0.00126323
0.00127474
0.00128931
0.00128634
0.00128285
0.00130052
0.00129885
0.00129226
0.00130655
0.00130244
0.00130137
0.0013147
0.00130767
0.00129903
0.00130715
0.00129668
0.00129285
0.00129638
0.00127952
0.0012749
0.00126429
0.00124224
0.00122931
0.00121048
0.00121456
0.00118302
0.00118179
0.00116262
0.00116052
0.00114124
0.00115084
0.00112632
0.00112273
0.00110747
0.00109766
0.00107414
0.00104856
0.00101945
0.000993949
0.00100243
0.000976138
0.000977979
0.000969736
0.000963291
0.00100392
0.00100274
0.000991739
0.000965662
0.000971384
0.000971152
0.000993413
0.000999942
0.000998442
0.000977268
0.000985321
0.000985102
0.00100353
0.00101197
0.00100966
0.000992306
0.00100271
0.00100268
0.00101752
0.00102769
0.00102489
0.00109587
0.00110785
0.0011073
0.00111405
0.00112584
0.00112351
0.00111654
0.00112993
0.00112774
0.00112996
0.00114127
0.00113693
0.00112843
0.00114031
0.00113557
0.00113659
0.00114666
0.00114062
0.0011359
0.00114762
0.00114108
0.00114488
0.00115662
0.00115087
0.00114188
0.00115568
0.00115012
0.00114403
0.00115483
0.00114796
0.00114168
0.00115417
0.00114714
0.00114535
0.00115473
0.00114602
0.00115113
0.00116335
0.0011546
0.00115725
0.00117346
0.00116998
0.00116503
0.00117822
0.00117121
0.00116376
0.00117805
0.00117264
0.00116996
0.00118294
0.00117365
0.00116863
0.0011766
0.00116503
0.00116567
0.0011698
0.00114907
0.00115115
0.00114321
0.00111805
0.0011095
0.00109145
0.00109006
0.00106498
0.0010631
0.00104435
0.00104359
0.00102456
0.00103986
0.00101341
0.0010021
0.000996757
0.000987786
0.000961095
0.000933571
0.000906374
0.000894895
