0.00465238
0.00465238
0.00458503
0.00451454
0.00443409
0.00433557
0.00423902
0.00412453
0.00401208
0.00388908
0.0037836
0.00365881
0.00354484
0.00341096
0.00331281
0.00319541
0.00315467
0.00302143
0.00296159
0.00290976
0.00284736
0.00275683
0.0026853
0.00260126
0.0025114
0.00241188
0.00232254
0.00223091
0.00215601
0.0020878
0.0020106
0.00195637
0.00189202
0.00183615
0.00177569
0.00171846
0.00166234
0.00163103
0.00157254
0.00156911
0.00152697
0.00151552
0.00149221
0.00150329
0.00147661
0.00144917
0.00149147
0.0014757
0.0014498
0.00142499
0.0014303
0.00142689
0.00141572
0.00141403
0.00140645
0.00142219
0.00142713
0.00142018
0.00139736
0.00140046
0.00139699
0.0014011
0.00140376
0.00139252
0.00138715
0.00138804
0.00138196
0.00138467
0.00139312
0.0013871
0.0013741
0.00137867
0.00137484
0.00137737
0.00138586
0.00137823
0.00136744
0.00137098
0.00136528
0.00137534
0.00138511
0.00137746
0.00136509
0.00137271
0.00137015
0.00137368
0.00138405
0.00137527
0.00136829
0.0013744
0.0013696
0.00138122
0.00139628
0.00139111
0.00137094
0.0013802
0.00137649
0.00138092
0.00138881
0.00137499
0.00136687
0.00136988
0.00136085
0.00138001
0.00139511
0.00138774
0.00136683
0.00137916
0.00137787
0.00138296
0.00139479
0.00138255
0.00137715
0.00138396
0.00137704
0.00139187
0.00141225
0.0014073
0.00138279
0.00139515
0.00139182
0.00139523
0.0014053
0.00138787
0.0013771
0.00137854
0.00136585
0.0013776
0.0013804
0.00135587
0.00136835
0.00136836
0.00135144
0.00137151
0.00139456
0.00139103
0.00136285
0.00137799
0.00137729
0.00138334
0.00139977
0.00138901
0.00137904
0.00138785
0.00138059
0.00138858
0.00140023
0.0013828
0.00137254
0.00137733
0.00136468
0.00136874
0.00137089
0.00134399
0.0013477
0.0013353
0.00130906
0.00132263
0.00131106
0.00128002
0.00129818
0.00127456
0.00124968
0.00126763
0.0012618
0.00124141
0.00125069
0.00124905
0.0012535
0.00125262
0.00123588
0.00125496
0.00124336
0.0012198
0.00125493
0.00127355
0.0012645
0.00122916
0.00124283
0.00124224
0.0012524
0.00125887
0.00123708
0.0012564
0.00125552
0.00123906
0.00125508
0.00128017
0.00127979
0.0012513
0.00126687
0.00126633
0.0012658
0.00126739
0.00124392
0.00124893
0.00123031
0.00120448
0.00121459
0.00119413
0.00117618
0.00117201
0.00116205
0.00112717
0.00109274
0.00106549
0.0010611
0.00104534
0.00104994
0.00102866
0.00102763
0.00102849
0.00101622
0.0010126
0.00101208
0.000996868
0.000998921
0.000988216
0.000984818
0.000982663
0.000971599
0.000963451
0.000957745
0.000945645
0.000957344
0.000930216
0.000937839
0.000918295
0.000916079
0.000904905
0.000894288
