0.0045242
0.0045242
0.0044502
0.00441063
0.00436007
0.00426584
0.00418956
0.00410506
0.00398563
0.0038812
0.00376127
0.00362572
0.00348737
0.00334046
0.00320394
0.00309896
0.00301014
0.00289462
0.00279259
0.00267652
0.00257314
0.00246016
0.00234699
0.00223728
0.00211927
0.00205837
0.0019684
0.00195969
0.00188796
0.00185448
0.0018271
0.00179622
0.00177737
0.00174555
0.00171827
0.00171489
0.00168832
0.00165109
0.00164143
0.00162796
0.00161231
0.00160675
0.00158822
0.00158686
0.00156797
0.0015472
0.00156801
0.00157418
0.00156347
0.00152263
0.00152238
0.0015162
0.00151954
0.00151817
0.00149995
0.0015043
0.00150003
0.00149238
0.00149795
0.00151026
0.00150653
0.00148332
0.0014865
0.00148199
0.00149756
0.00150545
0.00149412
0.00147421
0.00147723
0.00147173
0.00148418
0.00149343
0.00148227
0.00146544
0.00146987
0.00146538
0.00147564
0.00148688
0.00147674
0.00145995
0.00146491
0.00146026
0.00147444
0.00148749
0.00147853
0.00145611
0.00146175
0.00145631
0.0014682
0.00147521
0.00146064
0.00144864
0.00145098
0.00144324
0.00146565
0.00148125
0.0014704
0.00144637
0.00145636
0.00145457
0.00146525
0.00147546
0.00146165
0.00145395
0.00145749
0.00145022
0.00147291
0.0014954
0.00149077
0.00145755
0.00147124
0.00146913
0.00146772
0.00148647
0.00148189
0.00145962
0.00146613
0.00145912
0.00142795
0.00139748
0.00135917
0.00133393
0.00130985
0.0013046
0.00128513
0.0012697
0.0012599
0.00124806
0.00123314
0.00122269
0.0012081
0.00120161
0.00119828
0.00117983
0.00117598
0.0011677
0.00115488
0.00114779
0.00114839
0.00112713
0.00113752
0.00111263
0.00111027
0.00109574
0.00109019
0.00107995
0.0010596
0.00106101
0.00104605
0.00105057
0.00103877
0.00103115
0.00108181
0.00109294
0.00108508
0.00103158
0.0010357
0.00103502
0.00106652
0.00107195
0.00105764
0.00104349
0.00104691
0.00104686
0.00106717
0.00108446
0.00108433
0.00105246
0.00106006
0.00105979
0.00109158
0.0011043
0.00109706
0.00106715
0.00107576
0.00107536
0.00110422
0.00111915
0.00111187
0.00108281
0.00109237
0.00109156
0.00111507
0.00112861
0.00111763
0.00110011
0.00110937
0.00110844
0.00113384
0.00115637
0.00115361
0.00111782
0.00112972
0.00112851
0.00114107
0.00115742
0.00114901
0.00113454
0.00114336
0.0011402
0.00116489
0.00118819
0.00118236
0.00115038
0.00116394
0.00116277
0.00117359
0.00119266
0.0011837
0.00116707
0.00117682
0.00117271
0.00116413
0.0011573
0.00112663
0.00111814
0.00109348
0.00108254
0.00106597
0.00105885
0.00105601
0.00103799
0.00103727
0.00103073
0.00102106
0.00101542
0.00101371
0.00100048
0.000998793
0.000998486
0.000985218
0.000982984
0.000981491
0.000970055
0.000967244
0.0009677
0.000952268
0.000950861
0.000950176
0.000936463
0.00093487
0.000936084
0.000924266
0.000921426
0.000923812
0.00091005
0.00090904
0.000913
0.00089681
